5
ЭКР 2102КФ, МИНИКА 1102МКФ
-1
-1
-1
-1
-1
-1
-1
-1
-1
-1
-1
-1
-1
-1
-1
-1
-1
-1
-1
-1
-1
-1
-1
-1
-1
-1
-1
-1
-1
-1
-1
-1
33
37
38
-1
-1
-1
-1
-1
35
36
34
39
40
41
42
43
-1
-1
-1
-1
-1
-1
-1
-1
-1
-1
44
45
-1
47
-1
46
-1
48
49
50
51
52
53
54
55
56
57
58
59
60
61
62
63
64
65
66
67
68
69
70
71
72
73
-1
-1
-1
-1
-1
-1
48
49
50
51
52
53
54
55
56
57
58
59
60
61
62
63
64
65
66
67
68
69
70
71
72
73
-1
-1
-1
-1
-1
-1
-1
-1
-1
-1
-1
-1
-1
-1
-1
-1
-1
-1
-1
-1
-1
-1
-1
-1
-1
-1
-1
41
41
-1
-1
-1
-1
-1
-1
-1
-1
-1
-1
-1
-1
-1
-1
-1
-1
5
-1
-1
38
-1
-1
-1
-1
-1
-1
-1
-1
-1
-1
-1
-1
5
32
-1
38
-1
-1
-1
-1
0
1
2
3
4
5
6
7
8
9
10
11
12
13
14
15
16
17
18
19
20
21
22
23
24
25
26
27
28
29
30
31
0
1
2
3
4
5
6
7
8
9
10
11
12
13
14
15
16
17
18
19
20
21
22
23
24
25
26
27
28
29
30
31
D2
24 символа в строке. Цифры вводятся с цифровой клавиатуры при отсутствии на дисплее буквы Б (переключается клавишей 1СК)
Меркурий 115Ф, 130Ф, 180Ф, 185Ф
-1
-1
-1
-1
-1
-1
-1
-1
-1
-1
-1
-1
-1
-1
-1
-1
-1
-1
-1
-1
-1
-1
-1
-1
-1
-1
-1
-1
-1
-1
-1
-1
32
33
34
35
36
37
38
39
40
41
42
43
44
45
46
47
48
49
50
51
52
53
54
55
56
57
58
59
60
61
62
63
64
65
66
67
68
69
70
71
72
73
74
75
76
77
78
79
80
81
82
83
84
85
86
87
88
89
90
91
92
93
94
95
96
97
98
99
100
101
102
103
104
105
106
107
108
109
110
111
112
113
114
115
116
117
118
119
120
121
122
123
124
125
126
-1
-1
-1
-1
-1
34
-1
-1
-1
-1
-1
-1
-1
-1
-1
-1
-1
-1
-1
-1
34
34
-1
45
45
-1
-1
-1
-1
-1
-1
-1
-1
-1
-1
-1
-1
-1
-1
-1
-1
197
-1
-1
34
-1
-1
-1
-1
-1
-1
-1
-1
-1
-1
-1
-1
229
-1
-1
34
-1
-1
-1
-1
192
193
194
195
196
197
198
199
200
201
202
203
204
205
206
207
208
209
210
211
212
213
214
215
216
217
218
219
220
221
222
223
224
225
226
227
228
229
230
231
232
233
234
235
236
237
238
239
240
241
242
243
244
245
246
247
248
249
250
251
252
253
254
255
D3
24 символа в строке (шрифты 8 и 12)
Орион 100Ф
-1
-1
-1
-1
-1
-1
-1
-1
-1
-1
-1
-1
-1
-1
-1
-1
-1
-1
-1
-1
-1
-1
-1
-1
-1
-1
-1
-1
-1
-1
-1
-1
33
37
38
77
49
75
76
78
35
36
34
39
40
41
42
43
50
51
52
53
54
55
56
57
58
59
44
45
-1
46
-1
47
48
0
2
17
60
5
61
62
13
63
64
10
65
12
66
14
16
67
68
69
18
70
71
72
21
73
74
-1
-1
-1
-1
79
-1
0
2
17
60
5
61
62
13
63
64
10
65
12
66
14
16
67
68
69
18
70
71
72
21
73
74
-1
-1
-1
-1
-1
-1
-1
-1
-1
-1
-1
-1
-1
-1
-1
-1
-1
-1
-1
-1
-1
-1
-1
-1
-1
-1
-1
41
41
-1
-1
-1
-1
-1
-1
-1
-1
-1
-1
-1
-1
-1
-1
-1
-1
80
-1
-1
38
-1
-1
-1
-1
-1
-1
-1
-1
-1
-1
-1
-1
80
32
-1
38
-1
-1
-1
-1
0
1
2
3
4
5
6
7
8
9
10
11
12
13
14
15
16
17
18
19
20
21
22
23
24
25
26
27
28
29
30
31
0
1
2
3
4
5
6
7
8
9
10
11
12
13
14
15
16
17
18
19
20
21
22
23
24
25
26
27
28
29
30
31
D2
32 символа в строке
АТОЛ 90Ф
-1
-1
-1
-1
-1
-1
-1
-1
-1
-1
-1
-1
-1
-1
-1
-1
-1
-1
-1
-1
-1
-1
-1
-1
-1
-1
-1
-1
-1
-1
-1
-1
32
33
34
35
96
37
38
39
40
41
42
43
44
45
46
47
48
49
50
51
52
53
54
55
56
57
58
59
60
61
62
63
64
65
66
67
68
69
70
71
72
73
74
75
76
77
78
79
80
81
82
83
84
85
86
87
88
89
90
91
92
93
94
95
-1
65
66
67
68
69
70
71
72
73
74
75
76
77
78
79
80
81
82
83
84
85
86
87
88
89
90
-1
-1
-1
-1
-1
-1
-1
-1
-1
-1
-1
-1
-1
97
-1
-1
-1
-1
-1
-1
-1
-1
-1
-1
-1
-1
-1
45
45
-1
-1
-1
-1
-1
-1
-1
-1
-1
-1
-1
-1
-1
-1
-1
-1
5
-1
-1
34
-1
-1
-1
-1
-1
-1
-1
-1
-1
-1
-1
-1
5
36
-1
34
-1
-1
-1
-1
0
1
2
3
4
5
6
7
8
9
10
11
12
13
14
15
16
17
18
19
20
21
22
23
24
25
26
27
28
29
30
31
0
1
2
3
4
5
6
7
8
9
10
11
12
13
14
15
16
17
18
19
20
21
22
23
24
25
26
27
28
29
30
31
D2
32 символа в строке (широкий шрифт устанавливается для отдельного символа путём ввода кода 99 перед ним)
Элвес МФ
-1
-1
-1
-1
-1
-1
-1
-1
-1
-1
-1
-1
-1
-1
-1
-1
-1
-1
-1
-1
-1
-1
-1
-1
-1
-1
-1
-1
-1
-1
-1
-1
32
33
34
35
127
37
38
39
40
41
42
43
44
45
46
47
48
49
50
51
52
53
54
55
56
57
58
59
60
61
62
63
64
65
66
67
68
69
70
71
72
73
74
75
76
77
78
79
80
81
82
83
84
85
86
87
88
89
90
91
92
93
94
95
96
97
98
99
100
101
102
103
104
105
106
107
108
109
110
111
112
113
114
115
116
117
118
119
120
121
122
123
124
125
126
-1
-1
-1
-1
-1
-1
-1
-1
-1
-1
-1
-1
-1
-1
-1
-1
-1
-1
-1
-1
-1
-1
-1
45
45
-1
-1
-1
-1
-1
-1
-1
-1
-1
-1
-1
-1
-1
-1
-1
-1
-1
-1
-1
34
-1
-1
-1
-1
-1
-1
-1
-1
-1
-1
-1
-1
-1
36
-1
34
-1
-1
-1
-1
0
1
2
3
4
5
6
7
8
9
10
11
12
13
14
15
16
17
18
19
20
21
22
23
24
25
26
27
28
29
30
31
128
129
130
131
132
133
134
135
136
137
138
139
140
141
142
143
144
145
146
147
148
149
150
151
152
153
154
155
156
157
158
159
D1
32 символа в строке (широкий шрифт устанавливается для отдельного символа путём ввода кода 160 перед ним)
ЭКР 2102К, Миника 1102К (.1, .3)
-1
-1
-1
-1
-1
-1
-1
-1
-1
-1
-1
-1
-1
-1
-1
-1
-1
-1
-1
-1
-1
-1
-1
-1
-1
-1
-1
-1
-1
-1
-1
-1
33
37
38
-1
-1
-1
-1
-1
35
36
34
39
40
41
42
43
-1
-1
-1
-1
-1
-1
-1
-1
-1
-1
44
45
-1
46
-1
47
-1
-1
-1
-1
-1
-1
-1
-1
-1
-1
-1
-1
-1
-1
-1
-1
-1
-1
-1
-1
-1
-1
-1
-1
-1
-1
-1
-1
-1
-1
-1
-1
-1
-1
-1
-1
-1
-1
-1
-1
-1
-1
-1
-1
-1
-1
-1
-1
-1
-1
-1
-1
-1
-1
-1
-1
-1
-1
-1
-1
-1
-1
-1
-1
-1
-1
-1
-1
38
-1
-1
-1
-1
-1
-1
-1
-1
-1
-1
-1
-1
-1
-1
38
38
-1
41
41
-1
-1
-1
-1
-1
-1
-1
-1
-1
-1
-1
-1
-1
-1
-1
-1
5
-1
-1
38
-1
-1
-1
-1
-1
-1
-1
-1
-1
-1
-1
-1
5
32
-1
38
-1
-1
-1
-1
0
1
2
3
4
5
6
7
8
9
10
11
12
13
14
15
16
17
18
19
20
21
22
23
24
25
26
27
28
29
30
31
0
1
2
3
4
5
6
7
8
9
10
11
12
13
14
15
16
17
18
19
20
21
22
23
24
25
26
27
28
29
30
31
D2
16 символов в строке. Цифры вводятся с цифровой клавиатуры при отсутствии на дисплее буквы Б (переключается клавишей 1СК)
ЭКР 3102К
-1
-1
-1
-1
-1
-1
-1
-1
-1
-1
-1
-1
-1
-1
-1
-1
-1
-1
-1
-1
-1
-1
-1
-1
-1
-1
-1
-1
-1
-1
-1
-1
1
2
3
4
5
6
7
8
9
10
11
12
13
14
15
16
17
18
19
20
21
22
23
24
25
26
27
28
29
30
31
32
33
34
35
36
37
38
39
40
41
42
43
44
45
46
47
48
49
50
51
52
53
54
55
56
57
58
59
60
61
-1
-1
-1
-1
34
35
36
37
38
39
40
41
42
43
44
45
46
47
48
49
50
51
52
53
54
55
56
57
58
59
-1
-1
-1
-1
-1
-1
-1
-1
-1
3
-1
-1
-1
-1
-1
-1
-1
-1
-1
-1
-1
-1
-1
-1
3
3
-1
14
14
-1
-1
-1
-1
-1
-1
-1
-1
-1
-1
-1
-1
-1
-1
-1
-1
67
-1
-1
3
-1
-1
-1
-1
-1
-1
-1
-1
-1
-1
-1
-1
67
-1
-1
3
-1
-1
-1
-1
62
63
64
65
66
67
68
69
70
71
72
73
74
75
76
77
78
79
80
81
82
83
84
85
86
87
88
89
90
91
92
93
62
63
64
65
66
67
68
69
70
71
72
73
74
75
76
77
78
79
80
81
82
83
84
85
86
87
88
89
90
91
92
93
D2
16 символов в строке
ЭКР 3110.3К
-1
-1
-1
-1
-1
-1
-1
-1
-1
-1
-1
-1
-1
-1
-1
-1
-1
-1
-1
-1
-1
-1
-1
-1
-1
-1
-1
-1
-1
-1
-1
-1
1
2
3
4
5
6
7
-1
9
10
11
12
13
14
15
16
17
18
19
20
21
22
23
24
25
26
27
28
29
30
31
32
-1
-1
-1
-1
-1
-1
-1
-1
-1
-1
-1
-1
-1
-1
-1
-1
-1
-1
-1
-1
-1
-1
-1
-1
54
-1
-1
-1
-1
-1
-1
-1
-1
-1
-1
-1
-1
-1
-1
-1
-1
-1
-1
-1
-1
-1
-1
-1
-1
-1
-1
-1
-1
-1
-1
-1
54
-1
-1
-1
-1
-1
-1
-1
-1
-1
-1
-1
3
-1
-1
-1
-1
-1
-1
-1
-1
-1
-1
-1
-1
-1
-1
3
3
-1
14
14
-1
-1
-1
-1
-1
-1
-1
-1
-1
-1
-1
-1
-1
-1
-1
-1
38
-1
-1
3
-1
-1
-1
-1
-1
-1
-1
-1
-1
-1
-1
-1
38
65
-1
3
-1
-1
-1
-1
33
34
35
36
37
38
39
40
41
42
43
44
45
46
47
48
49
50
51
52
53
-1
55
56
57
58
59
60
61
62
63
64
33
34
35
36
37
38
39
40
41
42
43
44
45
46
47
48
49
50
51
52
53
-1
55
56
57
58
59
60
61
62
63
64
D2
16 символов в строке
Орион 100К
-1
-1
-1
-1
-1
-1
-1
-1
-1
-1
-1
-1
-1
-1
-1
-1
-1
-1
-1
-1
-1
-1
-1
-1
-1
-1
-1
-1
-1
-1
-1
-1
33
37
38
77
49
75
76
-1
35
36
34
39
40
41
42
43
50
51
52
53
54
55
56
57
58
59
44
45
-1
46
-1
47
48
0
2
17
60
5
61
62
13
63
64
10
65
12
66
14
16
67
68
69
18
70
71
72
21
73
74
-1
-1
-1
-1
-1
-1
0
2
17
60
5
61
62
13
63
64
10
65
12
66
14
16
67
68
69
18
70
71
72
21
73
74
-1
-1
-1
-1
-1
-1
-1
-1
-1
38
-1
-1
-1
79
-1
-1
-1
-1
-1
-1
-1
-1
78
-1
38
38
-1
41
41
-1
-1
-1
-1
-1
-1
-1
-1
-1
-1
-1
-1
-1
-1
-1
-1
5
-1
-1
38
-1
-1
-1
-1
-1
-1
-1
-1
-1
-1
-1
-1
5
32
-1
38
-1
-1
-1
-1
0
1
2
3
4
5
6
7
8
9
10
11
12
13
14
15
16
17
18
19
20
21
22
23
24
25
26
27
28
29
30
31
0
1
2
3
4
5
6
7
8
9
10
11
12
13
14
15
16
17
18
19
20
21
22
23
24
25
26
27
28
29
30
31
D2
16 символов в строке
Орион 110К
-1
-1
-1
-1
-1
-1
-1
-1
-1
-1
-1
-1
-1
-1
-1
-1
-1
-1
-1
-1
-1
-1
-1
-1
-1
-1
-1
-1
-1
-1
-1
-1
32
33
34
35
36
37
38
39
40
41
42
43
44
45
46
47
48
49
50
51
52
53
54
55
56
57
58
59
60
61
62
63
64
65
66
67
68
69
70
71
72
73
74
75
76
77
78
79
80
81
82
83
84
85
86
87
88
89
90
91
92
93
94
95
96
97
98
99
100
101
102
103
104
105
106
107
108
109
110
111
112
113
114
115
116
117
118
119
120
121
122
123
124
125
126
-1
-1
-1
-1
-1
34
-1
-1
-1
-1
-1
-1
-1
-1
-1
-1
-1
-1
-1
-1
34
34
-1
-1
-1
-1
-1
-1
-1
-1
-1
-1
-1
-1
161
162
163
164
165
166
167
168
169
170
34
172
173
174
175
176
177
178
179
180
181
182
183
184
185
186
34
188
189
190
191
192
193
194
195
196
197
198
199
200
201
202
203
204
205
206
207
208
209
210
211
212
213
214
215
216
217
218
219
220
221
222
223
224
225
226
227
228
229
230
231
232
233
234
235
236
237
238
239
240
241
242
243
244
245
246
247
248
249
250
251
252
253
254
255
D2
24 символа в строке
Меркурий 115К, Меркурий 130К
-1
-1
-1
-1
-1
-1
-1
-1
-1
-1
-1
-1
-1
-1
-1
-1
-1
-1
-1
-1
-1
-1
-1
-1
-1
-1
-1
-1
-1
-1
-1
-1
32
33
34
35
36
37
38
39
40
41
42
43
44
45
46
47
48
49
50
51
52
53
54
55
56
57
58
59
60
61
62
63
64
65
66
67
68
69
70
71
72
73
74
75
76
77
78
79
80
81
82
83
84
85
86
87
88
89
90
91
92
93
94
95
96
97
98
99
100
101
102
103
104
105
106
107
108
109
110
111
112
113
114
115
116
117
118
119
120
121
122
-1
-1
-1
-1
-1
-1
-1
-1
-1
34
-1
-1
-1
-1
-1
-1
-1
-1
-1
-1
-1
-1
-1
-1
34
34
-1
45
45
-1
-1
-1
-1
-1
-1
-1
-1
-1
-1
-1
-1
-1
-1
-1
-1
197
-1
-1
34
-1
-1
-1
-1
-1
-1
-1
-1
-1
-1
-1
-1
229
-1
-1
34
-1
-1
-1
-1
192
193
194
195
196
197
198
199
200
201
202
203
204
205
206
207
208
209
210
211
212
213
214
215
216
217
218
219
220
221
222
223
224
225
226
227
228
229
230
231
232
233
234
235
236
237
238
239
240
241
242
243
244
245
246
247
248
249
250
251
252
253
254
255
D2
24 символа в строке (шрифты 0, 4 и 5)
Меркурий 180К
-1
-1
-1
-1
-1
-1
-1
-1
-1
-1
-1
-1
-1
-1
-1
-1
-1
-1
-1
-1
-1
-1
-1
-1
-1
-1
-1
-1
-1
-1
-1
-1
32
33
34
35
36
37
38
39
40
41
42
43
44
45
46
47
48
49
50
51
52
53
54
55
56
57
58
59
60
61
62
63
64
65
66
67
68
69
70
71
72
73
74
75
76
77
78
79
80
81
82
83
84
85
86
87
88
89
90
91
92
93
94
95
96
97
98
99
100
101
102
103
104
105
106
107
108
109
110
111
112
113
114
115
116
117
118
119
120
121
122
123
124
125
126
127
-1
-1
-1
-1
34
-1
-1
-1
-1
-1
-1
-1
-1
-1
-1
-1
-1
-1
-1
34
34
-1
45
45
-1
-1
-1
-1
-1
-1
-1
-1
-1
-1
-1
-1
-1
-1
-1
-1
133
-1
-1
34
-1
-1
-1
-1
-1
-1
-1
-1
-1
-1
-1
-1
133
-1
-1
34
-1
-1
-1
-1
128
129
130
131
132
133
134
135
136
137
138
139
140
141
142
143
144
145
146
147
148
149
150
151
152
153
154
155
156
157
158
159
128
129
130
131
132
133
134
135
136
137
138
139
140
141
142
143
144
145
146
147
148
149
150
151
152
153
154
155
156
157
158
159
D2
24 символа в строке
Штрих-Мини-К
-1
-1
-1
-1
-1
-1
-1
-1
-1
-1
-1
-1
-1
-1
-1
-1
-1
-1
-1
-1
-1
-1
-1
-1
-1
-1
-1
-1
-1
-1
-1
-1
32
33
34
35
36
37
38
39
40
41
42
43
44
45
46
47
48
49
50
51
52
53
54
55
56
57
58
59
60
61
62
63
64
65
66
67
68
69
70
71
72
73
74
75
76
77
78
79
80
81
82
83
84
85
86
87
88
89
90
91
92
93
94
95
96
97
98
99
100
101
102
103
104
105
106
107
108
109
110
111
112
113
114
115
116
117
118
119
120
121
122
123
124
125
126
127
128
129
130
131
34
133
134
135
136
137
138
139
140
141
142
143
144
145
146
34
34
149
150
151
152
153
154
155
156
157
158
159
160
161
162
163
164
165
166
167
168
169
170
34
172
173
174
175
176
177
178
179
180
181
182
183
184
185
186
34
188
189
190
191
192
193
194
195
196
197
198
199
200
201
202
203
204
205
206
207
208
209
210
211
212
213
214
215
216
217
218
219
220
221
222
223
224
225
226
227
228
229
230
231
232
233
234
235
236
237
238
239
240
241
242
243
244
245
246
247
248
249
250
251
252
253
254
255
D2
24 символа в строке
Элвес-Микро-К, Астра 100-01К, FPrint-90AK
-1
-1
-1
-1
-1
-1
-1
-1
-1
-1
-1
-1
-1
-1
-1
-1
-1
-1
-1
-1
-1
-1
-1
-1
-1
-1
-1
-1
-1
-1
-1
-1
32
33
34
35
92
37
38
39
40
41
42
43
44
45
46
47
48
49
50
51
52
53
54
55
56
57
58
59
60
61
62
63
64
65
66
67
68
69
70
71
72
73
74
75
76
77
78
79
80
81
82
83
84
85
86
87
88
89
90
-1
-1
-1
-1
-1
-1
65
66
67
68
69
70
71
72
73
74
75
76
77
78
79
80
81
82
83
84
85
86
87
88
89
90
-1
-1
-1
-1
-1
-1
-1
-1
-1
34
-1
-1
-1
94
-1
-1
-1
-1
-1
-1
-1
-1
-1
-1
34
34
-1
45
45
-1
-1
-1
-1
-1
-1
-1
-1
-1
-1
-1
-1
-1
-1
-1
-1
5
-1
-1
34
-1
-1
-1
-1
-1
-1
-1
-1
-1
-1
-1
-1
5
36
-1
34
-1
-1
-1
-1
0
1
2
3
4
5
6
7
8
9
10
11
12
13
14
15
16
17
18
19
20
21
22
23
24
25
26
27
28
29
30
31
0
1
2
3
4
5
6
7
8
9
10
11
12
13
14
15
16
17
18
19
20
21
22
23
24
25
26
27
28
29
30
31
D1
24 (Элвес-Микро, Астра 100) или 32 символа в строке (FPrint-90; широкий шрифт устанавливается для отдельного символа путём ввода кода 99 перед ним)
АМС 100К
-1
-1
-1
-1
-1
-1
-1
-1
-1
-1
-1
-1
-1
-1
-1
-1
-1
-1
-1
-1
-1
-1
-1
-1
-1
-1
-1
-1
-1
-1
-1
-1
32
33
34
35
36
37
38
39
40
41
42
43
44
45
46
47
48
49
50
51
52
53
54
55
56
57
58
59
60
61
62
63
64
65
66
67
68
69
70
71
72
73
74
75
76
77
78
79
80
81
82
83
84
85
86
87
88
89
90
91
92
93
94
95
96
97
98
99
100
101
102
103
104
105
106
107
108
109
110
111
112
113
114
115
116
117
118
119
120
121
122
123
124
125
126
-1
-1
-1
-1
-1
34
-1
-1
-1
-1
-1
-1
-1
-1
-1
-1
-1
-1
-1
-1
34
34
-1
45
45
-1
-1
-1
-1
-1
-1
-1
-1
-1
-1
-1
-1
-1
-1
-1
-1
197
-1
-1
34
-1
-1
-1
-1
-1
-1
-1
-1
-1
-1
-1
-1
229
-1
-1
34
-1
-1
-1
-1
192
193
194
195
196
197
198
199
200
201
202
203
204
205
206
207
208
209
210
211
212
213
214
215
216
217
218
219
220
221
222
223
224
225
226
227
228
229
230
231
232
233
234
235
236
237
238
239
240
241
242
243
244
245
246
247
248
249
250
251
252
253
254
255
D2
18 обычных или 10 широких символов в строке + код ширины символов в начале строки
Меркурий 111К
-1
-1
-1
-1
-1
-1
-1
-1
-1
-1
-1
-1
-1
-1
-1
-1
-1
-1
-1
-1
-1
-1
-1
-1
-1
-1
-1
-1
-1
-1
-1
-1
32
33
34
-1
36
37
-1
-1
40
41
42
43
44
45
46
-1
48
49
50
51
52
53
54
55
56
57
58
59
-1
61
-1
63
-1
65
66
67
68
69
70
71
72
73
74
75
76
77
78
79
80
81
82
83
84
85
86
87
88
89
90
-1
-1
-1
-1
-1
-1
97
98
99
100
101
102
103
104
105
106
107
108
109
110
111
112
113
114
115
116
117
118
119
120
121
122
-1
-1
-1
-1
-1
-1
-1
-1
-1
34
-1
-1
-1
-1
-1
-1
-1
-1
-1
-1
-1
-1
-1
-1
34
34
-1
45
45
-1
-1
-1
-1
-1
-1
-1
-1
-1
-1
-1
-1
-1
-1
-1
-1
240
-1
-1
34
-1
-1
-1
-1
-1
-1
-1
-1
-1
-1
-1
-1
241
-1
-1
34
-1
-1
-1
-1
128
129
130
131
132
133
134
135
136
137
138
139
140
141
142
143
144
145
146
147
148
149
150
151
152
153
154
155
156
157
158
159
160
161
162
163
164
165
166
167
168
169
170
171
172
173
174
175
224
225
226
227
228
229
230
231
232
233
234
235
236
237
238
239
D2
18 символов в строке
Микро 103К, Микро 104К
-1
-1
-1
-1
-1
-1
-1
-1
-1
-1
-1
-1
-1
-1
-1
-1
-1
-1
-1
-1
-1
-1
-1
-1
-1
-1
-1
-1
-1
-1
-1
-1
32
33
34
35
36
37
38
39
40
41
42
43
44
45
46
47
48
49
50
51
52
53
54
55
56
57
58
59
60
61
62
63
64
65
66
67
68
69
70
71
72
73
74
75
76
77
78
79
80
81
82
83
84
85
86
87
88
89
90
91
92
93
94
95
-1
65
66
67
68
69
70
71
72
73
74
75
76
77
78
79
80
81
82
83
84
85
86
87
88
89
90
-1
-1
-1
-1
-1
-1
-1
-1
-1
34
-1
-1
-1
-1
-1
-1
-1
-1
-1
-1
-1
-1
-1
-1
34
34
-1
45
45
-1
-1
-1
-1
-1
-1
-1
-1
-1
-1
-1
-1
-1
-1
-1
-1
101
-1
-1
34
-1
-1
-1
-1
-1
-1
-1
-1
-1
-1
-1
-1
101
-1
-1
34
-1
-1
-1
-1
96
97
98
99
100
101
102
103
104
105
106
107
108
109
110
111
112
113
114
115
116
117
118
119
120
121
122
123
124
125
126
127
96
97
98
99
100
101
102
103
104
105
106
107
108
109
110
111
112
113
114
115
116
117
118
119
120
121
122
123
124
125
126
127
D2
16 символов в строке
Samsung ER 250RK
-1
-1
-1
-1
-1
-1
-1
-1
-1
-1
-1
-1
-1
-1
-1
-1
-1
-1
-1
-1
-1
-1
-1
-1
-1
-1
-1
-1
-1
-1
-1
-1
32
33
34
35
36
37
38
39
40
41
42
43
44
45
46
47
48
49
50
51
52
53
54
55
56
57
58
59
60
61
62
63
64
65
66
67
68
69
70
71
72
73
74
75
76
77
78
79
80
81
82
83
84
85
86
87
88
89
90
91
92
93
94
95
96
97
98
99
100
101
102
103
104
105
106
107
108
109
110
111
112
113
114
115
116
117
118
119
120
121
122
123
124
125
126
-1
-1
-1
-1
-1
-1
-1
-1
-1
-1
-1
-1
-1
-1
-1
-1
-1
-1
-1
-1
34
34
-1
45
45
-1
-1
-1
-1
-1
-1
-1
-1
-1
-1
-1
-1
-1
-1
-1
-1
192
-1
-1
34
-1
-1
-1
-1
-1
-1
-1
-1
-1
-1
-1
-1
193
-1
-1
34
-1
-1
-1
-1
128
129
130
131
132
133
134
135
136
137
138
139
140
141
142
143
144
145
146
147
148
149
150
151
152
153
154
155
156
157
158
159
160
161
162
163
164
165
166
167
168
169
170
171
172
173
174
175
176
177
178
179
180
181
182
183
184
185
186
187
188
189
190
191
X2
26 обычных или 13 широких символов в строке. Цифры A – F вводятся секционными клавишами 1 – 6 соответственно. Широкий шрифт отдельного символа задаётся кодом 99, введённым перед ним
Samsung ER 4615RK
-1
-1
-1
-1
-1
-1
-1
-1
-1
-1
-1
-1
-1
-1
-1
-1
-1
-1
-1
-1
-1
-1
-1
-1
-1
-1
-1
-1
-1
-1
-1
-1
32
33
34
35
36
37
38
-1
40
41
42
43
44
45
46
47
48
49
50
51
52
53
54
55
56
57
58
59
60
61
62
95
64
65
67
82
16
70
17
18
78
19
20
75
21
77
22
79
81
23
24
25
83
26
27
28
86
29
30
-1
-1
-1
-1
-1
39
65
67
82
16
70
17
18
78
19
20
75
21
77
22
79
81
23
24
25
83
26
27
28
86
29
30
-1
-1
-1
-1
-1
-1
-1
-1
-1
34
-1
-1
-1
-1
-1
-1
-1
-1
-1
-1
-1
-1
-1
-1
34
34
-1
45
45
-1
-1
-1
-1
-1
-1
-1
-1
-1
-1
-1
-1
-1
-1
-1
-1
7
-1
-1
34
-1
-1
-1
-1
-1
-1
-1
-1
-1
-1
-1
-1
14
-1
-1
34
-1
-1
-1
-1
65
66
67
68
69
70
71
72
73
74
75
76
77
78
79
80
81
82
83
84
85
86
87
88
89
90
1
2
3
4
5
6
97
98
99
100
101
102
103
104
105
106
107
108
109
110
111
112
113
114
115
116
117
118
119
120
121
122
8
9
10
11
12
13
D3
21 обычный символ или 10 широких символов в строке. Широкий шрифт отдельного символа задаётся кодом 999, введённым перед ним
